16.6975 4.24522
16.7629 4.24101
16.8978 4.28575
17.5067 4.44125
17.163 4.26545
17.1943 4.28158
16.2337 4.22957
17.0735 4.21849
16.9401 4.28095
16.5116 4.24792
17.1118 4.19616
17.2554 4.28313
16.5851 4.2526
17.138 4.2236
17.8523 4.27395
16.6798 4.24821
16.529 4.26512
17.2299 4.29667
16.9587 4.23215
17.3318 4.37323
17.5063 4.1935
16.9767 4.30261
17.048 4.27584
17.168 4.29478
17.2539 4.3347
16.7255 4.33639
16.886 4.30014
17.1359 4.18109
17.3602 4.12779
17.8429 4.21415
16.8318 4.1492
17.3027 4.20675
16.8753 4.3373
17.163 4.31357
17.1859 4.21313
17.0797 4.30175
17.1976 4.23688
17.3131 4.34141
16.9189 4.3807
16.8902 4.3327
16.8693 4.23991
17.4867 4.27
17.1739 4.25369
17.292 4.23606
16.4097 4.0793
17.1801 4.19097
16.9955 4.32989
17.5162 4.17921
17.336 4.37817
18.1591 4.26268
16.863 4.19638
16.73 4.31498
17.0916 4.29442
17.0877 4.22388
17.103 4.2375
17.2395 4.41926
16.248 4.25373
16.6417 4.3835
16.8604 4.1848
16.9224 4.16138
17.4437 4.18983
16.4273 4.14394
17.204 4.32081
17.1902 4.2949
16.681 4.27169
17.4053 4.29067
16.8924 4.26488
17.2238 4.29588
17.1785 4.28267
17.2951 4.28322
16.8024 4.25404
17.1837 4.25564
17.439 4.29295
16.0746 4.30518
16.8433 4.34584
16.8311 4.33823
16.7909 4.22185
17.0834 4.32709
17.2626 4.21753
17.0709 4.27523
17.4013 4.29747
16.9119 4.21892
16.3022 4.1936
17.4526 4.27398
17.0299 4.34256
16.6946 4.2464
16.6206 4.21347
16.9729 4.29311
16.438 4.33172
17.4357 4.23612
16.9617 4.27724
16.9091 4.24766
17.1359 4.24896
17.0454 4.31808
16.2852 4.29498
16.8996 4.23802
16.9017 4.23182
16.7081 4.22887
16.2648 4.26793
16.9648 4.31166
16.4215 4.19163
16.432 4.31427
17.3435 4.21362
17.01 4.33433
16.7895 4.37321
17.1524 4.30826
16.9945 4.25139
17.5568 4.22798
17.0394 4.32975
16.9479 4.24438
16.8089 4.28725
15.8329 4.30355
16.5026 4.28099
17.2814 4.25653
16.5807 4.25559
16.5261 4.36441
17.0834 4.22187
17.2997 4.27388
16.6797 4.33291
17.0058 4.22039
17.1643 4.2152
17.0779 4.32291
16.9088 4.3301
17.0653 4.23521
16.7524 4.36036
17.0238 4.22869
17.4643 4.31228
16.2032 4.2054
17.2545 4.29583
16.6903 4.23328
16.6733 4.20258
16.9896 4.27042
16.8167 4.31344
17.2038 4.21303
17.1716 4.29481
17.1905 4.36631
16.8048 4.33154
16.7883 4.23238
17.178 4.28352
16.8909 4.2423
16.8798 4.31433
16.806 4.31045
16.6966 4.27918
16.8855 4.22189
17.0452 4.29215
16.9725 4.21006
17.0276 4.23244
16.4781 4.20515
17.2878 4.25571
17.0499 4.15501
16.4998 4.58139
16.686 4.25578
16.4915 4.20309
16.5998 4.29272
17.7261 4.22238
16.9072 4.27103
17.1298 4.39811
16.6563 4.27443
17.6928 4.30678
17.2956 4.24069
16.8358 4.21153
17.243 4.27233
17.5384 4.3873
17.1931 4.24309
17.1704 4.31944
18.6157 4.23943
17.3289 4.31471
17.01 4.26709
17.2971 4.25113
16.8541 4.21319
17.3758 4.38976
16.8026 4.21272
16.7792 4.26112
17.1375 4.25418
16.056 4.22326
16.1894 4.29855
16.9158 4.24009
17.0411 4.3401
16.6432 4.17595
17.0173 4.30848
17.1774 4.30147
16.7852 4.27155
17.3629 4.1799
17.3236 4.23886
16.7506 4.31716
16.6878 4.24267
16.7179 4.23676
16.8512 4.35689
17.4172 4.30226
17.4771 4.41218
16.5854 4.27238
17.0618 4.3293
16.8959 4.24974
17.0038 4.2715
17.1397 4.33434
16.7102 4.30005
17.112 4.20854
17.5398 4.22365
17.2388 4.27968
17.2138 4.18052
