17.1293 4.27614
17.0203 4.25442
16.9622 4.52397
16.6535 4.27873
16.718 4.24586
17.0959 4.23048
16.9776 4.25545
17.1416 4.25406
17.0325 4.26561
16.8504 4.23961
17.0195 4.24961
17.1392 4.2506
17.1515 4.25819
17.1658 4.27556
17.1305 4.30044
16.9692 4.26075
17.1408 4.26514
17.0476 4.24587
17.0968 4.27507
17.0467 4.25211
17.2749 4.25378
17.4056 4.24004
17.0412 4.26039
17.0872 4.27108
15.9119 4.29284
16.7802 4.25298
17.1118 4.26655
16.9909 4.23602
16.9917 4.26445
17.0434 4.24046
17.1994 4.32253
17.1991 4.23715
17.1266 4.26085
17.3463 4.27881
17.0193 4.27913
16.9795 4.23326
17.1277 4.2334
16.7007 4.26072
16.9756 4.26922
17.0707 4.29025
17.1505 4.23551
17.1306 4.28187
17.0731 4.24077
17.1685 4.2696
17.1409 4.49872
14.2335 4.41467
14.4632 4.31482
14.5146 4.27858
16.4499 4.29813
14.903 4.53921
15.6795 4.32066
15.3624 4.75964
14.9365 4.65674
13.8004 4.37493
15.3747 4.56166
14.6214 4.38948
15.4702 4.41285
15.3477 4.42751
14.6327 4.27448
16.0138 4.29458
15.6465 4.27052
14.8939 5.19541
10.9066 4.26824
16.5931 4.37346
16.6473 4.31156
16.1744 4.29526
13.8517 5.43131
15.1572 4.34043
15.8887 4.28174
16.8798 4.36636
16.6631 4.28555
17.0743 4.23879
16.6041 4.25894
16.9128 4.27605
17.0506 4.25177
17.0123 4.2493
16.9445 4.25131
16.9747 4.2997
17.0226 4.25511
16.8368 4.24469
16.8403 4.23043
17.0706 4.24017
16.9981 4.28196
16.7207 4.27248
17.5169 4.35585
16.7968 4.23553
17.0878 4.25167
16.9847 4.21982
16.1775 4.63668
15.2526 4.55824
16.7491 4.24101
16.9062 4.24919
16.8633 4.24441
17.1713 4.274
16.7751 4.33968
16.8619 4.2384
16.9948 4.23795
17.317 4.29951
17.1783 4.34392
17.1266 4.25124
17.0606 4.26681
17.0874 4.25845
11.6222 4.37109
17.0266 4.24597
17.0658 4.31004
17.252 4.28106
16.6983 4.26879
17.0597 4.26061
17.2794 4.37208
17.1437 4.2979
17.3951 4.24062
17.1246 4.2405
17.0065 4.21895
16.9379 4.27279
17.2007 4.22383
17.0564 4.26177
17.2992 4.25563
16.9873 4.24953
17.6062 4.33268
17.1217 4.28698
17.101 4.28551
17.3689 4.23913
17.1873 4.2678
17.1874 4.24402
17.0965 4.25009
17.579 4.3971
17.1547 4.25532
17.1442 4.34013
17.2831 4.26983
17.0702 4.26293
17.0837 4.22292
17.1091 4.25142
17.1129 4.26354
17.1827 4.26673
16.9062 4.27155
17.1855 4.24543
17.174 4.25855
17.2156 4.2582
17.2303 4.278
17.1349 4.25506
17.138 4.26585
17.2547 4.23992
17.0385 4.21886
17.1071 4.24932
17.0065 4.22681
17.2408 4.24383
17.1488 4.25877
17.1413 4.25342
17.476 4.27004
17.5445 4.26409
17.035 4.34712
16.8561 4.23417
17.1086 4.26136
17.1952 4.24419
16.9074 4.24
17.2863 4.23367
17.2574 4.30382
17.1518 4.22606
17.1845 4.23812
17.0085 4.27363
17.1566 4.2489
17.0739 4.22119
17.3133 4.27912
16.9989 4.26127
17.0557 4.27005
17.1208 4.25605
17.2244 4.27646
17.1113 4.23382
17.2369 4.26835
17.1476 4.24918
17.1288 4.2406
17.0427 4.24057
16.9379 4.26272
17.0603 4.3412
15.5027 4.23722
17.0837 4.28032
17.1872 4.26006
17.3241 4.24986
16.8946 4.26583
17.7302 4.34529
17.1594 4.26964
17.0788 4.26635
17.0951 4.25408
17.0976 4.25292
17.0951 4.26042
17.0436 4.27042
17.3614 4.25416
17.6172 4.34858
17.0598 4.27656
17.1491 4.22055
17.005 4.27511
17.1698 4.24975
17.1145 4.22033
17.176 4.24922
17.3992 4.2483
17.1786 4.29549
17.0303 4.31835
17.2729 4.25175
17.3299 4.3179
17.2559 4.22031
